33.25 283.5
41.49968 282.0833
35.87488 234.0417
40 227.5
41.66646 221.2917
42.16685 240.9583
44.00016 249
45.16677 255.5
46.83331 250.25
47.99992 254.25
49.16653 258.25
50.6248 275.875
51.99968 276
54.62457 264.125
56.95874 260.0417
58.25024 254.75
59.54165 249.4583
58 244.2917
58.99984 244.25
62.16606 244.75
60.99992 254.2083
62.24992 254.75
63.5 255.2917
65.2504 243.25
66.25016 246.25
67.25 249.25
67.66653 258.9583
68.99992 259.5
70.33331 260.0417
71.25024 247.7917
73.00016 250.25
74.75008 252.7083
73.75024 259.125
76.00008 257.75
79.75008 258.5417
80.33339 248.625
82.49984 246
84.24976 243.2917
84.66677 247.4167
85.75 246.75
86.83315 246.0833
87.95834 238.4167
89.00008 242
91.66693 239.5833
91.50008 261.5
92.75008 263
94.00016 264.5
95.04189 244.5417
96.50016 251
97.95843 257.4583
99.00016 282.0833
100.7501 282
102.5 281.9167
103.4583 253.2917
105.7502 259.25
108.0419 265.2083
108.1248 281.5417
111.4998 284.25
113.1249 286.9583
114.6665 264.0417
115.9999 260.5
117.3333 256.9583
118.7916 268.25
120.2498 261.5
121.7081 254.75
122.7918 236.125
124.2501 235
125.7083 233.875
126.0415 251.9583
126.9998 257.25
127.9582 262.5417
129.4579 266.2917
129.9998 266.75
130.5417 267.2083
130.6665 262.5
131.5 259
132.3335 255.5
133.9585 264.7083
135.5002 259.75
137.0419 254.7917
139.2917 231.6667
140.7499 229.25
142.2082 226.8333
142.5418 232.5417
143.7499 231.25
144.9579 229.9583
146.7083 219.8333
147.9998 221.5
149.2913 223.1667
149.3752 242.2917
150.2502 247.5
151.1251 252.7083
152.6668 247.125
153.2501 252.75
153.8334 258.375
153.7085 280
155 275
156.2914 270
157.4585 229.8333
159.0002 223.25
160.5419 216.6667
161.5831 243.5
162.9999 249
164.4168 254.5
165.4166 241.125
166.75 242.5
168.0834 243.875
170.3332 261.8333
172.2499 257.25
174.1666 252.6667
175.583 233.3333
178.2498 229
180.9166 224.6667
181.9998 257.0833
183.2498 262.75
184.4998 268.4167
186.6668 251.5
188.0002 250.5
189.3335 249.5
190.25 257.0417
191.2498 256.75
192.2496 256.4583
192.5003 248.7917
193.5001 246.25
194.4999 243.7083
195.7504 248.5
196.7502 248
197.7501 247.5
198.4168 237.125
199.5 243.25
200.5832 249.375
202.2083 277.2917
203.7499 278.25
205.2916 279.2083
205.5003 256.7917
207.2502 247.75
209.0002 238.7083
211.0422 237.4167
213.7505 224
218.1672 227
214.2499 259.5833
217.5 263
218.375 269.7083
220.6668 256.25
222.0002 256
223.3335 255.75
223.1248 264.7917
225.5 261.5
231.8754 257.2083
230.9585 241.0833
233.5 245
236.0415 248.9167
238.4581 271.2917
240.7498 275.25
243.0416 279.2083
242.4169 258.9167
244.2502 254.25
247.0833 257.0833
248.2918 270.25
249.7501 269.5
251.2083 268.75
248.7503 256.25
256.2499 252.75
257.7496 245
257.4579 245.5417
259.7498 244.25
261.6245 245.4167
262.3332 257
262.9998 264
264.0416 267.5833
266.1251 256.8333
267.5 257
268.8749 257.1667
269.7498 267.25
271.25 265
272.7502 262.75
274.0417 254.5833
275 252.25
275.9584 249.9167
276.3335 253.7917
277.2498 253.75
278.1663 253.7083
279.625 251.0417
280.5 252
281.375 252.9583
281.3335 257
282.2499 256.75
283.9164 256.625
283.6253 249.125
285.0002 251.5
286.375 253.875
287.9581 264.1667
288.9998 265.5
290.0417 266.8333
290.0836 257.8333
291.2502 259.5
292.4168 261.1667
294.375 267.25
295.2499 265
296.1249 262.75
295.6664 249.375
296.4999 246
297.3335 242.625
298.7083 249
299.9998 249.25
301.2913 249.5
303.2504 245.7917
304.2502 247.5
305.25 249.2083
304.833 255.1667
306.2498 255
308.4997 256.4583
308.7498 246.25
309.9998 246
311.2498 245.75
312.375 255.7083
313.7499 253.5
315.1247 251.2917
313.9167 243.2083
318.25 241.4999
320.0833 239.7916
321.2085 248.125
322.5 251.25
323.7914 254.375
325.875 247.3333
327.0001 250
328.1253 252.6667
328.2082 264.6667
329.2499 267.25
330.2917 269.8333
330.7502 265.7083
332.2498 263.75
335.9999 264.5417
337.4167 262.6667
338.2497 255.5
340.5415 253
341.375 263.375
342.7498 263
344.1247 262.625
344.8334 249.8333
346.4998 253.25
348.1664 256.6667
346.7505 269.9999
353.0002 272.7499
356.9998 266.2499
359.7086 238.2499
362.75 232.9999
365.0414 230.9999
366.8332 253.9583
368.7498 258.25
370.6666 262.5417
371.9166 252.75
373.4998 252.25
375.0828 251.75
375.5832 262.2917
377.0001 263.5
378.4168 264.7083
380.5418 256.0834
382.0001 259.5
383.4583 262.9166
385.1249 276.4166
387.0002 275.7499
389.3753 272.8332
392.4581 249.2083
394.25 246.5
396.0418 243.7917
395.9579 268.8332
397.7498 259.4999
401.7915 245.9166
401.1253 218.9583
404.2501 214.4999
407.3754 210.0416
405.9585 261.2917
410.0002 271
416.7921 272.2083
414.6667 250.4583
416.2498 245.75
417.8329 241.0417
418.2453 251.5
419.2502 251.75
420.2551 252
418.9879 239.7917
422.2794 247.25
425.5711 254.7083
425.3386 284.125
428.5002 288.9999
431.1619 289.1249
431.1665 263.5417
432 256.75
432.8336 249.9583
434.125 256.4583
434.9999 254.25
435.8749 252.0417
436.0417 243.25
437.2498 243.5
438.4579 243.75
440.4584 249.9583
441.7499 249.75
443.0414 249.5417
443.75 236.25
445.0001 242.25
446.2501 248.25
445.6248 274.6667
448.4999 276.25
450.3751 273.3333
451.0418 248.6667
452.5001 244.5
453.9583 240.3333
452.7083 251.4583
456.9998 255.5
459.0414 259.2917
461.5838 269.3333
467.5002 264.5
469.9168 267.1667
469.7086 276.9167
471.5 271.5
473.2914 266.0833
473.958 242.375
475.4998 234.75
477.0414 227.125
478.5416 261.0417
479.9998 259.75
481.4581 258.4583
481.7083 231.2916
484.2498 226.9999
485.2916 223.2083
486.5416 228.4583
487.9998 234.75
489.4581 241.0417
488.0003 258.9166
492.9998 264.7499
495.2497 266.0832
495.7086 244.1249
498.75 243.9999
501.2915 243.125
503.5418 278.3332
505.9999 282.2499
508.4584 286.1666
509.9997 262.5833
511.9998 256.75
513.9998 250.9167
515.7913 276.1667
517.4997 275
519.2082 273.8333
519.8749 252.625
520.7498 247
521.6248 241.375
522.6666 245.7917
523.7498 244.25
524.833 242.7083
525.7913 235.7499
527.2496 237.7499
528.7079 239.7499
529.9584 251.875
531.5 253.2499
533.0416 254.6249
534.7916 234.3749
536.2498 245.4999
537.7081 256.625
537.9584 295.875
539.9999 302.25
542.0415 308.625
541.2084 263.125
543.25 255.4999
545.2916 247.8749
545.9998 271.7916
547.2498 271.7499
548.4998 271.7083
548.7914 251.2916
550 245.9999
553.7085 242.4583
550.8334 241.7499
554.5001 239.9999
556.1666 241.7499
557.5 256.9166
559.2499 260.9999
562.7498 263.3332
562.3752 264.9999
565.0001 264.4999
567.6249 252.7499
565.7498 224.2917
568.2498 232.5
570.7498 240.7083
572.6669 276.2083
574.2501 285.9999
575.8337 295.7916
576.8334 269.2499
578.0001 269.2499
579.1667 269.2499
580.1666 295.2916
581.2498 285.9999
582.333 276.7083
582.9997 241.4165
584.2497 235.4999
585.4997 229.5833
585.7499 250.3333
587.2501 255
590.5002 257.9167
591.8331 267
593.2499 263.5
594.6667 260
592.9164 230.875
595.9997 229.25
597.3331 224.625
598.2915 253.625
599.2498 257.9999
600.2082 262.3749
600.8749 247.2916
602 245.7499
603.1252 244.2083
604.8746 268.7499
605.9998 270.2499
607.1249 271.7499
607.6249 248.6666
608.75 254.7499
609.8751 260.8332
610.8749 280.0416
612.0001 283.2499
613.1253 286.4583
615.0834 287.5832
616.2501 281.2499
617.4167 274.9166
618.7081 250.3333
619.7499 247.25
620.7916 244.1667
620.9584 255.875
621.75 255.5
622.5416 255.125
623.5833 239.875
624.4998 245
625.4161 250.125
627.0836 280.5833
628.0001 274.5
631.6672 264.1667
628.6663 246.9167
629.9997 246
631.3331 245.0833
632.7499 264.2917
633.7498 259
634.7495 253.7083
633.5834 242.5415
634.75 239.4998
633.9166 229.6665
637.4164 236.1667
638.2498 234.75
639.0834 233.3333
638.3333 226.0832
639.7501 226.4999
641.1669 226.9166
643.5416 228.9167
644.9998 232.5
647.4579 237.0833
646.7502 246.2082
648.5002 247.9998
650.2501 249.7915
652.0834 244.9999
653.25 244.7499
654.4166 244.4999
655.9167 251.0416
657 247.7499
658.0833 244.4583
658.2495 228.375
659.7498 230.7499
664.7498 233.6249
662.2917 252.8332
663.2501 257.7499
664.2084 262.6666
665.0834 250.7083
665.9998 250.9999
666.9162 251.2916
667.8751 261.8332
668.75 259.4999
669.6249 257.1666
670.042 249.5416
670.7502 246.2499
671.4583 242.9583
672.7917 253.7499
673.7501 251.4999
674.7084 249.2499
675.3333 230.0416
676.4998 232.7499
677.6664 235.4583
678.5833 253.3332
680.0001 255.9999
681.4169 258.6666
681.2082 238.9166
682.2499 235.7499
683.2917 232.5832
685.1664 257.9999
686.4999 258.7499
687.8333 259.4999
689.5833 239.7083
690.2499 240.25

